 1.00000000e+06  9.99999802e-01 -6.28318518e-04 
 2.13877551e+07  9.99909613e-01 -1.34382003e-02 
 4.17755102e+07  9.99655133e-01 -2.62474133e-02 
 6.21632653e+07  9.99236286e-01 -3.90553181e-02 
 8.25510204e+07  9.98652951e-01 -5.18612711e-02 
 1.02938776e+08  9.97904956e-01 -6.46646226e-02 
 1.23326531e+08  9.96992080e-01 -7.74647151e-02 
 1.43714286e+08  9.95914057e-01 -9.02608811e-02 
 1.64102041e+08  9.94670572e-01 -1.03052441e-01 
 1.84489796e+08  9.93261260e-01 -1.15838702e-01 
 2.04877551e+08  9.91685713e-01 -1.28618953e-01 
 2.25265306e+08  9.89943471e-01 -1.41392468e-01 
 2.45653061e+08  9.88034032e-01 -1.54158500e-01 
 2.66040816e+08  9.85956844e-01 -1.66916278e-01 
 2.86428571e+08  9.83711309e-01 -1.79665009e-01 
 3.06816327e+08  9.81296785e-01 -1.92403873e-01 
 3.27204082e+08  9.78712583e-01 -2.05132023e-01 
 3.47591837e+08  9.75957971e-01 -2.17848579e-01 
 3.67979592e+08  9.73032170e-01 -2.30552630e-01 
 3.88367347e+08  9.69934358e-01 -2.43243230e-01 
 4.08755102e+08  9.66663672e-01 -2.55919398e-01 
 4.29142857e+08  9.63219205e-01 -2.68580110e-01 
 4.49530612e+08  9.59600006e-01 -2.81224303e-01 
 4.69918367e+08  9.55805086e-01 -2.93850872e-01 
 4.90306122e+08  9.51833415e-01 -3.06458664e-01 
 5.10693878e+08  9.47683923e-01 -3.19046477e-01 
 5.31081633e+08  9.43355501e-01 -3.31613061e-01 
 5.51469388e+08  9.38847004e-01 -3.44157113e-01 
 5.71857143e+08  9.34157251e-01 -3.56677273e-01 
 5.92244898e+08  9.29285023e-01 -3.69172124e-01 
 6.12632653e+08  9.24229070e-01 -3.81640191e-01 
 6.33020408e+08  9.18988108e-01 -3.94079934e-01 
 6.53408163e+08  9.13560823e-01 -4.06489750e-01 
 6.73795918e+08  9.07945868e-01 -4.18867969e-01 
 6.94183673e+08  9.02141872e-01 -4.31212849e-01 
 7.14571429e+08  8.96147435e-01 -4.43522578e-01 
 7.34959184e+08  8.89961132e-01 -4.55795267e-01 
 7.55346939e+08  8.83581517e-01 -4.68028951e-01 
 7.75734694e+08  8.77007120e-01 -4.80221586e-01 
 7.96122449e+08  8.70236455e-01 -4.92371043e-01 
 8.16510204e+08  8.63268020e-01 -5.04475109e-01 
 8.36897959e+08  8.56100295e-01 -5.16531483e-01 
 8.57285714e+08  8.48731751e-01 -5.28537776e-01 
 8.77673469e+08  8.41160850e-01 -5.40491502e-01 
 8.98061224e+08  8.33386046e-01 -5.52390082e-01 
 9.18448980e+08  8.25405791e-01 -5.64230840e-01 
 9.38836735e+08  8.17218535e-01 -5.76010996e-01 
 9.59224490e+08  8.08822733e-01 -5.87727670e-01 
 9.79612245e+08  8.00216843e-01 -5.99377875e-01 
 1.00000000e+09  7.91399335e-01 -6.10958516e-01 
