 1.00000000e+06  4.99701812e-04 -3.13845217e-05 
 2.13877551e+07  4.77650247e-04 -6.71123193e-04 
 4.17755102e+07  4.15439095e-04 -1.31019924e-03 
 6.21632653e+07  3.13078676e-04 -1.94798098e-03 
 8.25510204e+07  1.70585979e-04 -2.58383674e-03 
 1.02938776e+08 -1.20153291e-05 -3.21713477e-03 
 1.23326531e+08 -2.34694887e-04 -3.84724327e-03 
 1.43714286e+08 -4.97415626e-04 -4.47353037e-03 
 1.64102041e+08 -8.00133746e-04 -5.09536410e-03 
 1.84489796e+08 -1.14279869e-03 -5.71211241e-03 
 2.04877551e+08 -1.52535313e-03 -6.32314312e-03 
 2.25265306e+08 -1.94773289e-03 -6.92782395e-03 
 2.45653061e+08 -2.40986699e-03 -7.52552248e-03 
 2.66040816e+08 -2.91167751e-03 -8.11560615e-03 
 2.86428571e+08 -3.45307964e-03 -8.69744228e-03 
 3.06816327e+08 -4.03398155e-03 -9.27039801e-03 
 3.27204082e+08 -4.65428440e-03 -9.83384037e-03 
 3.47591837e+08 -5.31388227e-03 -1.03871362e-02 
 3.67979592e+08 -6.01266209e-03 -1.09296523e-02 
 3.88367347e+08 -6.75050357e-03 -1.14607551e-02 
 4.08755102e+08 -7.52727918e-03 -1.19798112e-02 
 4.29142857e+08 -8.34285406e-03 -1.24861868e-02 
 4.49530612e+08 -9.19708591e-03 -1.29792482e-02 
 4.69918367e+08 -1.00898250e-02 -1.34583614e-02 
 4.90306122e+08 -1.10209140e-02 -1.39228926e-02 
 5.10693878e+08 -1.19901880e-02 -1.43722076e-02 
 5.31081633e+08 -1.29974742e-02 -1.48056724e-02 
 5.51469388e+08 -1.40425924e-02 -1.52226530e-02 
 5.71857143e+08 -1.51253540e-02 -1.56225153e-02 
 5.92244898e+08 -1.62455629e-02 -1.60046253e-02 
 6.12632653e+08 -1.74030145e-02 -1.63683492e-02 
 6.33020408e+08 -1.85974963e-02 -1.67130531e-02 
 6.53408163e+08 -1.98287874e-02 -1.70381037e-02 
 6.73795918e+08 -2.10966587e-02 -1.73428675e-02 
 6.94183673e+08 -2.24008725e-02 -1.76267115e-02 
 7.14571429e+08 -2.37411825e-02 -1.78890032e-02 
 7.34959184e+08 -2.51173338e-02 -1.81291102e-02 
 7.55346939e+08 -2.65290626e-02 -1.83464009e-02 
 7.75734694e+08 -2.79760964e-02 -1.85402440e-02 
 7.96122449e+08 -2.94581534e-02 -1.87100091e-02 
 8.16510204e+08 -3.09749430e-02 -1.88550665e-02 
 8.36897959e+08 -3.25261652e-02 -1.89747870e-02 
 8.57285714e+08 -3.41115105e-02 -1.90685427e-02 
 8.77673469e+08 -3.57306603e-02 -1.91357066e-02 
 8.98061224e+08 -3.73832860e-02 -1.91756527e-02 
 9.18448980e+08 -3.90690496e-02 -1.91877565e-02 
 9.38836735e+08 -4.07876032e-02 -1.91713946e-02 
 9.59224490e+08 -4.25385890e-02 -1.91259453e-02 
 9.79612245e+08 -4.43216390e-02 -1.90507882e-02 
 1.00000000e+09 -4.61363752e-02 -1.89453051e-02 
