 1.00000000e+06 -9.98001832e-01  5.01650969e-04 
 2.13877551e+07 -9.97944344e-01  1.07288794e-02 
 4.17755102e+07 -9.97782170e-01  2.09544212e-02 
 6.21632653e+07 -9.97515361e-01  3.11766696e-02 
 8.25510204e+07 -9.97144000e-01  4.13940195e-02 
 1.02938776e+08 -9.96668205e-01  5.16048683e-02 
 1.23326531e+08 -9.96088124e-01  6.18076168e-02 
 1.43714286e+08 -9.95403939e-01  7.20006703e-02 
 1.64102041e+08 -9.94615866e-01  8.21824388e-02 
 1.84489796e+08 -9.93724150e-01  9.23513383e-02 
 2.04877551e+08 -9.92729070e-01  1.02505792e-01 
 2.25265306e+08 -9.91630937e-01  1.12644229e-01 
 2.45653061e+08 -9.90430094e-01  1.22765089e-01 
 2.66040816e+08 -9.89126913e-01  1.32866819e-01 
 2.86428571e+08 -9.87721799e-01  1.42947877e-01 
 3.06816327e+08 -9.86215189e-01  1.53006732e-01 
 3.27204082e+08 -9.84607547e-01  1.63041861e-01 
 3.47591837e+08 -9.82899371e-01  1.73051759e-01 
 3.67979592e+08 -9.81091184e-01  1.83034928e-01 
 3.88367347e+08 -9.79183543e-01  1.92989888e-01 
 4.08755102e+08 -9.77177032e-01  2.02915170e-01 
 4.29142857e+08 -9.75072261e-01  2.12809324e-01 
 4.49530612e+08 -9.72869872e-01  2.22670911e-01 
 4.69918367e+08 -9.70570533e-01  2.32498512e-01 
 4.90306122e+08 -9.68174937e-01  2.42290724e-01 
 5.10693878e+08 -9.65683807e-01  2.52046160e-01 
 5.31081633e+08 -9.63097888e-01  2.61763453e-01 
 5.51469388e+08 -9.60417955e-01  2.71441255e-01 
 5.71857143e+08 -9.57644803e-01  2.81078236e-01 
 5.92244898e+08 -9.54779255e-01  2.90673087e-01 
 6.12632653e+08 -9.51822155e-01  3.00224519e-01 
 6.33020408e+08 -9.48774373e-01  3.09731264e-01 
 6.53408163e+08 -9.45636799e-01  3.19192076e-01 
 6.73795918e+08 -9.42410344e-01  3.28605730e-01 
 6.94183673e+08 -9.39095944e-01  3.37971023e-01 
 7.14571429e+08 -9.35694552e-01  3.47286778e-01 
 7.34959184e+08 -9.32207143e-01  3.56551837e-01 
 7.55346939e+08 -9.28634709e-01  3.65765067e-01 
 7.75734694e+08 -9.24978263e-01  3.74925361e-01 
 7.96122449e+08 -9.21238834e-01  3.84031634e-01 
 8.16510204e+08 -9.17417468e-01  3.93082826e-01 
 8.36897959e+08 -9.13515231e-01  4.02077903e-01 
 8.57285714e+08 -9.09533199e-01  4.11015854e-01 
 8.77673469e+08 -9.05472469e-01  4.19895695e-01 
 8.98061224e+08 -9.01334147e-01  4.28716469e-01 
 9.18448980e+08 -8.97119356e-01  4.37477241e-01 
 9.38836735e+08 -8.92829232e-01  4.46177106e-01 
 9.59224490e+08 -8.88464922e-01  4.54815183e-01 
 9.79612245e+08 -8.84027584e-01  4.63390617e-01 
 1.00000000e+09 -8.79518389e-01  4.71902581e-01 
