 1.00000000e+06  3.33555381e-01 -2.23253266e-04 
 2.13877551e+07  3.33509484e-01 -4.77471292e-03 
 4.17755102e+07  3.33379994e-01 -9.32522579e-03 
 6.21632653e+07  3.33166909e-01 -1.38738889e-02 
 8.25510204e+07  3.32870230e-01 -1.84197986e-02 
 1.02938776e+08  3.32489955e-01 -2.29620497e-02 
 1.23326531e+08  3.32026082e-01 -2.74997357e-02 
 1.43714286e+08  3.31478610e-01 -3.20319478e-02 
 1.64102041e+08  3.30847538e-01 -3.65577749e-02 
 1.84489796e+08  3.30132863e-01 -4.10763031e-02 
 2.04877551e+08  3.29334585e-01 -4.55866151e-02 
 2.25265306e+08  3.28452701e-01 -5.00877900e-02 
 2.45653061e+08  3.27487212e-01 -5.45789030e-02 
 2.66040816e+08  3.26438116e-01 -5.90590248e-02 
 2.86428571e+08  3.25305415e-01 -6.35272212e-02 
 3.06816327e+08  3.24089108e-01 -6.79825529e-02 
 3.27204082e+08  3.22789199e-01 -7.24240749e-02 
 3.47591837e+08  3.21405691e-01 -7.68508364e-02 
 3.67979592e+08  3.19938589e-01 -8.12618802e-02 
 3.88367347e+08  3.18387900e-01 -8.56562422e-02 
 4.08755102e+08  3.16753632e-01 -9.00329516e-02 
 4.29142857e+08  3.15035798e-01 -9.43910297e-02 
 4.49530612e+08  3.13234409e-01 -9.87294903e-02 
 4.69918367e+08  3.11349484e-01 -1.03047339e-01 
 4.90306122e+08  3.09381041e-01 -1.07343573e-01 
 5.10693878e+08  3.07329104e-01 -1.11617180e-01 
 5.31081633e+08  3.05193700e-01 -1.15867140e-01 
 5.51469388e+08  3.02974861e-01 -1.20092422e-01 
 5.71857143e+08  3.00672621e-01 -1.24291986e-01 
 5.92244898e+08  2.98287024e-01 -1.28464781e-01 
 6.12632653e+08  2.95818113e-01 -1.32609747e-01 
 6.33020408e+08  2.93265943e-01 -1.36725811e-01 
 6.53408163e+08  2.90630572e-01 -1.40811893e-01 
 6.73795918e+08  2.87912064e-01 -1.44866896e-01 
 6.94183673e+08  2.85110493e-01 -1.48889718e-01 
 7.14571429e+08  2.82225939e-01 -1.52879239e-01 
 7.34959184e+08  2.79258490e-01 -1.56834331e-01 
 7.55346939e+08  2.76208244e-01 -1.60753853e-01 
 7.75734694e+08  2.73075308e-01 -1.64636650e-01 
 7.96122449e+08  2.69859798e-01 -1.68481556e-01 
 8.16510204e+08  2.66561841e-01 -1.72287391e-01 
 8.36897959e+08  2.63181575e-01 -1.76052964e-01 
 8.57285714e+08  2.59719150e-01 -1.79777067e-01 
 8.77673469e+08  2.56174728e-01 -1.83458482e-01 
 8.98061224e+08  2.52548484e-01 -1.87095977e-01 
 9.18448980e+08  2.48840607e-01 -1.90688305e-01 
 9.38836735e+08  2.45051299e-01 -1.94234206e-01 
 9.59224490e+08  2.41180778e-01 -1.97732408e-01 
 9.79612245e+08  2.37229278e-01 -2.01181622e-01 
 1.00000000e+09  2.33197048e-01 -2.04580548e-01 
