 1.00000000e+06  1.00000000e+00 -4.99130902e-14 
 2.13877551e+07  1.00000000e+00 -1.06772076e-12 
 4.17755102e+07  1.00000000e+00 -2.08657888e-12 
 6.21632653e+07  1.00000000e+00 -3.10750512e-12 
 8.25510204e+07  1.00000000e+00 -4.13148412e-12 
 1.02938776e+08  1.00000000e+00 -5.15957511e-12 
 1.23326531e+08  1.00000000e+00 -6.19279228e-12 
 1.43714286e+08  1.00000000e+00 -7.23219150e-12 
 1.64102041e+08  1.00000000e+00 -8.27884260e-12 
 1.84489796e+08  1.00000000e+00 -9.33387097e-12 
 2.04877551e+08  1.00000000e+00 -1.03983605e-11 
 2.25265306e+08  1.00000000e+00 -1.14735339e-11 
 2.45653061e+08  1.00000000e+00 -1.25605446e-11 
 2.66040816e+08  1.00000000e+00 -1.36606158e-11 
 2.86428571e+08  1.00000000e+00 -1.47750816e-11 
 3.06816327e+08  1.00000000e+00 -1.59052485e-11 
 3.27204082e+08  1.00000000e+00 -1.70525069e-11 
 3.47591837e+08  1.00000000e+00 -1.82183580e-11 
 3.67979592e+08  1.00000000e+00 -1.94043035e-11 
 3.88367347e+08  1.00000000e+00 -2.06119564e-11 
 4.08755102e+08  1.00000000e+00 -2.18430134e-11 
 4.29142857e+08  1.00000000e+00 -2.30992548e-11 
 4.49530612e+08  1.00000000e+00 -2.43826279e-11 
 4.69918367e+08  1.00000000e+00 -2.56950807e-11 
 4.90306122e+08  1.00000000e+00 -2.70388392e-11 
 5.10693878e+08  1.00000000e+00 -2.84160746e-11 
 5.31081633e+08  1.00000000e+00 -2.98293477e-11 
 5.51469388e+08  1.00000000e+00 -3.12811646e-11 
 5.71857143e+08  1.00000000e+00 -3.27743655e-11 
 5.92244898e+08  1.00000000e+00 -3.43120140e-11 
 6.12632653e+08  1.00000000e+00 -3.58972864e-11 
 6.33020408e+08  1.00000000e+00 -3.75336378e-11 
 6.53408163e+08  1.00000000e+00 -3.92249699e-11 
 6.73795918e+08  1.00000000e+00 -4.09752974e-11 
 6.94183673e+08  1.00000000e+00 -4.27891931e-11 
 7.14571429e+08  1.00000000e+00 -4.46713994e-11 
 7.34959184e+08  1.00000000e+00 -4.66272177e-11 
 7.55346939e+08  1.00000000e+00 -4.86625646e-11 
 7.75734694e+08  1.00000000e+00 -5.07839173e-11 
 7.96122449e+08  1.00000000e+00 -5.29979811e-11 
 8.16510204e+08  1.00000000e+00 -5.53127463e-11 
 8.36897959e+08  1.00000000e+00 -5.77366561e-11 
 8.57285714e+08  1.00000000e+00 -6.02793312e-11 
 8.77673469e+08  1.00000000e+00 -6.29511826e-11 
 8.98061224e+08  1.00000000e+00 -6.57641928e-11 
 9.18448980e+08  1.00000000e+00 -6.87315303e-11 
 9.38836735e+08  1.00000000e+00 -7.18679989e-11 
 9.59224490e+08  1.00000000e+00 -7.51903766e-11 
 9.79612245e+08  1.00000000e+00 -7.87176461e-11 
 1.00000000e+09  1.00000000e+00 -8.24715521e-11 
