 1.00000000e+06 -9.97207710e-01  1.74511025e-03 
 2.13877551e+07 -9.96012978e-01  3.72856243e-02 
 4.17755102e+07 -9.92655445e-01  7.26173327e-02 
 6.21632653e+07 -9.87172501e-01  1.07545105e-01 
 8.25510204e+07 -9.79624505e-01  1.41881238e-01 
 1.02938776e+08 -9.70093150e-01  1.75448713e-01 
 1.23326531e+08 -9.58679294e-01  2.08084066e-01 
 1.43714286e+08 -9.45500375e-01  2.39639760e-01 
 1.64102041e+08 -9.30687520e-01  2.69986009e-01 
 1.84489796e+08 -9.14382486e-01  2.99012029e-01 
 2.04877551e+08 -8.96734545e-01  3.26626705e-01 
 2.25265306e+08 -8.77897431e-01  3.52758709e-01 
 2.45653061e+08 -8.58026455e-01  3.77356120e-01 
 2.66040816e+08 -8.37275862e-01  4.00385605e-01 
 2.86428571e+08 -8.15796483e-01  4.21831252e-01 
 3.06816327e+08 -7.93733740e-01  4.41693126e-01 
 3.27204082e+08 -7.71226001e-01  4.59985633e-01 
 3.47591837e+08 -7.48403298e-01  4.76735769e-01 
 3.67979592e+08 -7.25386392e-01  4.91981331e-01 
 3.88367347e+08 -7.02286154e-01  5.05769136e-01 
 4.08755102e+08 -6.79203239e-01  5.18153306e-01 
 4.29142857e+08 -6.56228009e-01  5.29193657e-01 
 4.49530612e+08 -6.33440663e-01  5.38954208e-01 
 4.69918367e+08 -6.10911539e-01  5.47501842e-01 
 4.90306122e+08 -5.88701554e-01  5.54905118e-01 
 5.10693878e+08 -5.66862737e-01  5.61233238e-01 
 5.31081633e+08 -5.45438828e-01  5.66555169e-01 
 5.51469388e+08 -5.24465931e-01  5.70938906e-01 
 5.71857143e+08 -5.03973169e-01  5.74450875e-01 
 5.92244898e+08 -4.83983354e-01  5.77155453e-01 
 6.12632653e+08 -4.64513636e-01  5.79114604e-01 
 6.33020408e+08 -4.45576129e-01  5.80387605e-01 
 6.53408163e+08 -4.27178509e-01  5.81030861e-01 
 6.73795918e+08 -4.09324568e-01  5.81097788e-01 
 6.94183673e+08 -3.92014730e-01  5.80638759e-01 
 7.14571429e+08 -3.75246528e-01  5.79701092e-01 
 7.34959184e+08 -3.59015031e-01  5.78329087e-01 
 7.55346939e+08 -3.43313235e-01  5.76564091e-01 
 7.75734694e+08 -3.28132413e-01  5.74444581e-01 
 7.96122449e+08 -3.13462423e-01  5.72006278e-01 
 8.16510204e+08 -2.99291984e-01  5.69282265e-01 
 8.36897959e+08 -2.85608917e-01  5.66303113e-01 
 8.57285714e+08 -2.72400356e-01  5.63097021e-01 
 8.77673469e+08 -2.59652935e-01  5.59689948e-01 
 8.98061224e+08 -2.47352939e-01  5.56105752e-01 
 9.18448980e+08 -2.35486447e-01  5.52366323e-01 
 9.38836735e+08 -2.24039445e-01  5.48491717e-01 
 9.59224490e+08 -2.12997922e-01  5.44500280e-01 
 9.79612245e+08 -2.02347957e-01  5.40408772e-01 
 1.00000000e+09 -1.92075784e-01  5.36232482e-01 
