 1.00000000e+06  1.28850478e-01  6.08916375e-11 
 2.13877551e+07  1.28806245e-01  5.95795638e-07 
 4.17755102e+07  1.28681470e-01  4.44110698e-06 
 6.21632653e+07  1.28476206e-01  1.46396812e-05 
 8.25510204e+07  1.28190543e-01  3.43068915e-05 
 1.02938776e+08  1.27824608e-01  6.65754476e-05 
 1.23326531e+08  1.27378570e-01  1.14600980e-04 
 1.43714286e+08  1.26852637e-01  1.81567536e-04 
 1.64102041e+08  1.26247063e-01  2.70692963e-04 
 1.84489796e+08  1.25562152e-01  3.85234148e-04 
 2.04877551e+08  1.24798261e-01  5.28492091e-04 
 2.25265306e+08  1.23955807e-01  7.03816771e-04 
 2.45653061e+08  1.23035271e-01  9.14611777e-04 
 2.66040816e+08  1.22037203e-01  1.16433865e-03 
 2.86428571e+08  1.20962233e-01  1.45652091e-03 
 3.06816327e+08  1.19811077e-01  1.79474770e-03 
 3.27204082e+08  1.18584544e-01  2.18267702e-03 
 3.47591837e+08  1.17283548e-01  2.62403842e-03 
 3.67979592e+08  1.15909113e-01  3.12263519e-03 
 3.88367347e+08  1.14462391e-01  3.68234594e-03 
 4.08755102e+08  1.12944668e-01  4.30712533e-03 
 4.29142857e+08  1.11357375e-01  5.00100422e-03 
 4.49530612e+08  1.09702107e-01  5.76808869e-03 
 4.69918367e+08  1.07980630e-01  6.61255828e-03 
 4.90306122e+08  1.06194899e-01  7.53866298e-03 
 5.10693878e+08  1.04347071e-01  8.55071903e-03 
 5.31081633e+08  1.02439522e-01  9.65310344e-03 
 5.51469388e+08  1.00474862e-01  1.08502469e-02 
 5.71857143e+08  9.84559490e-02  1.21466254e-02 
 5.92244898e+08  9.63859113e-02  1.35467496e-02 
 6.12632653e+08  9.42681596e-02  1.50551526e-02 
 6.33020408e+08  9.21064057e-02  1.66763758e-02 
 6.53408163e+08  8.99046795e-02  1.84149527e-02 
 6.73795918e+08  8.76673456e-02  2.02753896e-02 
 6.94183673e+08  8.53991191e-02  2.22621448e-02 
 7.14571429e+08  8.31050818e-02  2.43796048e-02 
 7.34959184e+08  8.07906957e-02  2.66320580e-02 
 7.55346939e+08  7.84618170e-02  2.90236655e-02 
 7.75734694e+08  7.61247069e-02  3.15584295e-02 
 7.96122449e+08  7.37860412e-02  3.42401584e-02 
 8.16510204e+08  7.14529174e-02  3.70724297e-02 
 8.36897959e+08  6.91328586e-02  4.00585497e-02 
 8.57285714e+08  6.68338142e-02  4.32015113e-02 
 8.77673469e+08  6.45641569e-02  4.65039485e-02 
 8.98061224e+08  6.23326757e-02  4.99680899e-02 
 9.18448980e+08  6.01485633e-02  5.35957094e-02 
 9.38836735e+08  5.80213993e-02  5.73880765e-02 
 9.59224490e+08  5.59611271e-02  6.13459047e-02 
 9.79612245e+08  5.39780251e-02  6.54693008e-02 
 1.00000000e+09  5.20826708e-02  6.97577137e-02 
