 1.00000000e+06  4.36184300e-01 -1.27088234e-04 
 2.13877551e+07  4.36136610e-01 -2.71816442e-03 
 4.17755102e+07  4.36001973e-01 -5.30941620e-03 
 6.21632653e+07  4.35780140e-01 -7.90100450e-03 
 8.25510204e+07  4.35470701e-01 -1.04930777e-02 
 1.02938776e+08  4.35073083e-01 -1.30857651e-02 
 1.23326531e+08  4.34586551e-01 -1.56791709e-02 
 1.43714286e+08  4.34010201e-01 -1.82733669e-02 
 1.64102041e+08  4.33342964e-01 -2.08683859e-02 
 1.84489796e+08  4.32583598e-01 -2.34642137e-02 
 2.04877551e+08  4.31730688e-01 -2.60607816e-02 
 2.25265306e+08  4.30782642e-01 -2.86579578e-02 
 2.45653061e+08  4.29737688e-01 -3.12555381e-02 
 2.66040816e+08  4.28593866e-01 -3.38532360e-02 
 2.86428571e+08  4.27349029e-01 -3.64506722e-02 
 3.06816327e+08  4.26000833e-01 -3.90473629e-02 
 3.27204082e+08  4.24546736e-01 -4.16427068e-02 
 3.47591837e+08  4.22983991e-01 -4.42359717e-02 
 3.67979592e+08  4.21309639e-01 -4.68262789e-02 
 3.88367347e+08  4.19520505e-01 -4.94125868e-02 
 4.08755102e+08  4.17613194e-01 -5.19936726e-02 
 4.29142857e+08  4.15584080e-01 -5.45681121e-02 
 4.49530612e+08  4.13429308e-01 -5.71342579e-02 
 4.69918367e+08  4.11144781e-01 -5.96902149e-02 
 4.90306122e+08  4.08726161e-01 -6.22338141e-02 
 5.10693878e+08  4.06168861e-01 -6.47625830e-02 
 5.31081633e+08  4.03468045e-01 -6.72737139e-02 
 5.51469388e+08  4.00618624e-01 -6.97640284e-02 
 5.71857143e+08  3.97615254e-01 -7.22299391e-02 
 5.92244898e+08  3.94452340e-01 -7.46674072e-02 
 6.12632653e+08  3.91124039e-01 -7.70718962e-02 
 6.33020408e+08  3.87624263e-01 -7.94383217e-02 
 6.53408163e+08  3.83946694e-01 -8.17609965e-02 
 6.73795918e+08  3.80084793e-01 -8.40335705e-02 
 6.94183673e+08  3.76031822e-01 -8.62489661e-02 
 7.14571429e+08  3.71780868e-01 -8.83993081e-02 
 7.34959184e+08  3.67324874e-01 -9.04758483e-02 
 7.55346939e+08  3.62656683e-01 -9.24688847e-02 
 7.75734694e+08  3.57769084e-01 -9.43676750e-02 
 7.96122449e+08  3.52654874e-01 -9.61603455e-02 
 8.16510204e+08  3.47306939e-01 -9.78337945e-02 
 8.36897959e+08  3.41718336e-01 -9.93735921e-02 
 8.57285714e+08  3.35882411e-01 -1.00763877e-01 
 8.77673469e+08  3.29792917e-01 -1.01987252e-01 
 8.98061224e+08  3.23444178e-01 -1.03024676e-01 
 9.18448980e+08  3.16831256e-01 -1.03855368e-01 
 9.38836735e+08  3.09950163e-01 -1.04456704e-01 
 9.59224490e+08  3.02798100e-01 -1.04804135e-01 
 9.79612245e+08  2.95373727e-01 -1.04871114e-01 
 1.00000000e+09  2.87677475e-01 -1.04629047e-01 
